1688063226.593724
1688063226.626981
1688063226.676993
1688063226.693738
1688063226.726986
1688063226.760357
1688063226.793729
1688063226.810362
1688063226.843727
1688063226.860360
1688063226.893746
1688063226.926983
1688063226.943731
1688063226.976975
1688063227.010360
1688063227.026984
1688063227.060354
1688063227.093745
1688063227.126982
1688063227.143750
1688063227.176984
1688063227.226985
1688063227.260350
1688063227.293726
1688063227.327111
1688063227.360358
1688063227.377115
1688063227.427107
1688063227.443728
1688063227.493736
1688063227.527108
1688063227.543735
1688063227.577130
1688063227.593735
1688063227.627125
1688063227.660360
1688063227.677118
1688063227.710362
1688063227.743736
1688063227.777135
1688063227.810362
1688063227.843729
1688063227.860353
1688063227.893734
1688063227.910357
1688063227.943730
1688063227.960358
1688063227.993745
1688063228.027101
1688063228.060358
1688063228.077105
1688063228.110483
1688063228.143746
1688063228.160482
1688063228.193738
1688063228.210484
1688063228.243737
1688063228.260493
1688063228.293766
1688063228.327109
1688063228.343734
1688063228.377110
1688063228.410481
1688063228.443734
1688063228.477108
1688063228.493734
1688063228.527109
1688063228.560480
1688063228.593806
1688063228.627110
1688063228.660486
1688063228.693735
1688063228.727109
1688063228.760492
1688063228.793734
1688063228.827113
1688063228.860480
1688063228.893856
1688063228.927107
1688063228.960477
1688063228.993858
1688063229.027123
1688063229.060482
1688063229.093852
1688063229.127104
1688063229.160484
1688063229.193861
1688063229.210485
1688063229.243857
1688063229.260525
1688063229.293855
1688063229.327110
1688063229.343881
1688063229.377109
1688063229.410478
1688063229.443859
1688063229.477113
1688063229.493864
1688063229.527110
1688063229.543867
1688063229.577104
1688063229.593851
1688063229.627112
1688063229.643858
1688063229.677123
1688063229.710485
1688063229.743857
1688063229.777231
1688063229.810488
1688063229.827237
1688063229.860494
1688063229.893860
1688063229.927237
1688063229.960482
1688063229.993857
1688063230.027260
1688063230.060480
1688063230.077252
1688063230.110481
1688063230.127254
1688063230.160484
1688063230.177235
1688063230.210483
1688063230.227237
1688063230.260480
1688063230.277229
1688063230.310481
1688063230.327231
1688063230.360484
1688063230.377235
1688063230.393868
1688063230.427228
1688063230.460481
1688063230.477237
1688063230.493858
1688063230.527244
1688063230.560604
1688063230.577264
1688063230.593857
1688063230.627247
1688063230.643857
1688063230.677237
1688063230.693863
1688063230.727232
1688063230.743854
1688063230.777228
1688063230.810633
1688063230.843854
1688063230.860626
1688063230.893858
1688063230.910604
1688063230.943859
1688063230.960626
1688063230.977233
1688063231.010605
1688063231.043854
1688063231.060643
1688063231.093858
1688063231.110623
1688063231.143888
1688063231.160653
1688063231.193855
1688063231.210639
1688063231.243854
1688063231.277236
1688063231.293856
1688063231.327254
1688063231.344021
1688063231.377237
1688063231.394063
1688063231.427230
1688063231.460617
1688063231.477237
1688063231.510608
1688063231.543988
1688063231.577239
1688063231.610623
1688063231.627257
1688063231.660607
1688063231.693989
1688063231.727236
1688063231.777233
1688063231.810607
1688063231.843991
1688063231.893980
1688063231.927238
1688063231.960608
1688063231.977240
1688063232.010613
1688063232.044007
1688063232.077237
1688063232.110608
1688063232.127367
1688063232.160638
1688063232.193987
