1687709319.100414
1687709319.167157
1687709319.200544
1687709319.233920
1687709319.284037
1687709319.317413
1687709319.350814
1687709319.400873
1687709319.434402
1687709319.467760
1687709319.517699
1687709319.551120
1687709319.584606
1687709319.634561
1687709319.684660
1687709319.718072
1687709319.751436
1687709319.801571
1687709319.851533
1687709319.901659
1687709319.935096
1687709319.968435
1687709320.001798
1687709320.051921
1687709320.085320
1687709320.118662
1687709320.152033
1687709320.202161
1687709320.235582
1687709320.268916
1687709320.319048
1687709320.352457
1687709320.402406
1687709320.519278
1687709320.569407
1687709320.636163
1687709320.669531
1687709320.719657
1687709320.753033
1687709320.786408
1687709320.819783
1687709320.869908
1687709320.903288
1687709320.953402
1687709321.003401
1687709321.053533
1687709321.120281
1687709321.170409
1687709321.203808
1687709321.253784
1687709321.287284
1687709321.337277
1687709321.387401
1687709321.437403
1687709321.487533
1687709321.537660
1687709321.587655
1687709321.637783
1687709321.704522
1687709321.754664
1687709321.788030
1687709321.854772
1687709321.938279
1687709321.988408
1687709322.055159
1687709322.138654
1687709322.222035
1687709322.305536
1687709322.389053
1687709322.455780
1687709322.572661
1687709322.889782
1687709322.973276
1687709323.023414
1687709323.073415
1687709323.140277
1687709323.190280
1687709323.273780
1687709323.390654
1687709323.507528
1687709323.574276
1687709323.641025
1687709323.707769
1687709323.741157
1687709323.774532
1687709323.824656
1687709323.858036
1687709323.891418
